0 0.717766 0.000000 0.070887 -0.997484
1 0.703765 0.197025 0.666071 -0.745888
2 0.267684 0.685362 0.097181 -0.995267
3 0.748126 -4.235018 0.044120 0.999026
4 0.788340 -3.324443 0.059180 0.998247
5 0.855164 -2.197261 0.096842 0.995300
6 1.004663 -0.660768 0.355309 0.934749
7 1.436322 0.474844 0.603164 -0.797617
8 1.378945 0.550720 0.530593 -0.847627
9 1.476146 0.395439 0.682279 -0.731092
10 1.225518 0.663998 0.418967 -0.908002
11 1.524141 0.016811 0.999028 -0.044075
12 0.215910 0.074527 0.586576 -0.809894
13 0.082587 0.258608 0.079584 -0.996828
14 1.181892 -13.510656 0.021864 0.999761
15 1.188308 -13.217263 0.022471 0.999748
16 1.195046 -12.917510 0.023122 0.999733
17 1.202136 -12.610973 0.023824 0.999716
18 1.209614 -12.297180 0.024584 0.999698
19 1.217522 -11.975603 0.025409 0.999677
20 1.225908 -11.645648 0.026308 0.999654
21 1.234830 -11.306642 0.027293 0.999627
22 1.244354 -10.957819 0.028378 0.999597
23 1.254560 -10.598301 0.029580 0.999562
24 1.265546 -10.227074 0.030921 0.999522
25 1.277429 -9.842959 0.032428 0.999474
26 1.290355 -9.444570 0.034136 0.999417
27 1.304506 -9.030260 0.036091 0.999348
28 1.320115 -8.598055 0.038356 0.999264
29 1.337484 -8.145554 0.041015 0.999159
30 1.357014 -7.669794 0.044189 0.999023
31 1.379251 -7.167060 0.048055 0.998845
32 1.404963 -6.632611 0.052883 0.998601
33 1.435273 -6.060271 0.059105 0.998252
34 1.471889 -5.441840 0.067465 0.997722
35 1.517571 -4.766255 0.079349 0.996847
36 1.577080 -4.018663 0.097641 0.995222
37 1.659281 -3.180811 0.129318 0.991603
38 1.781732 -2.241868 0.194879 0.980827
39 1.974247 -1.272935 0.361512 0.932368
40 2.191753 -0.711971 0.609898 0.792480
41 2.143909 -0.774138 0.569235 0.822175
42 2.155426 -0.757502 0.579658 0.814860
43 2.152118 -0.762153 0.576711 0.816948
44 2.153031 -0.760859 0.577529 0.816370
45 2.152776 -0.761220 0.577301 0.816532
46 2.152847 -0.761119 0.577364 0.816487
47 2.152828 -0.761147 0.577346 0.816499
48 2.152833 -0.761139 0.577351 0.816496
49 2.152832 -0.761141 0.577350 0.816497
50 2.152832 -0.761141 0.577350 0.816497
51 2.152832 -0.761141 0.577350 0.816497
52 2.152832 -0.761141 0.577350 0.816497
53 2.152832 -0.761141 0.577350 0.816497
54 2.152832 -0.761141 0.577350 0.816497
55 2.152832 -0.761141 0.577350 0.816497
56 2.152832 -0.761141 0.577350 0.816497
57 2.152832 -0.761141 0.577350 0.816497
58 2.152832 -0.761141 0.577350 0.816497
59 2.152832 -0.761141 0.577350 0.816497
60 2.152832 -0.761141 0.577350 0.816497
61 2.152832 -0.761141 0.577350 0.816497
62 2.152832 -0.761141 0.577350 0.816497
63 2.152832 -0.761141 0.577350 0.816497
64 2.152832 -0.761141 0.577350 0.816497
65 2.152832 -0.761141 0.577350 0.816497
66 2.152832 -0.761141 0.577350 0.816497
67 2.152832 -0.761141 0.577350 0.816497
68 2.152832 -0.761141 0.577350 0.816497
69 2.152832 -0.761141 0.577350 0.816497
70 2.152832 -0.761141 0.577350 0.816497
71 2.152832 -0.761141 0.577350 0.816497
72 2.152832 -0.761141 0.577350 0.816497
73 2.152832 -0.761141 0.577350 0.816497
74 2.152832 -0.761141 0.577350 0.816497
75 2.152832 -0.761141 0.577350 0.816497
76 2.152832 -0.761141 0.577350 0.816497
77 2.152832 -0.761141 0.577350 0.816497
78 2.152832 -0.761141 0.577350 0.816497
79 2.152832 -0.761141 0.577350 0.816497
80 2.152832 -0.761141 0.577350 0.816497
81 2.152832 -0.761141 0.577350 0.816497
82 2.152832 -0.761141 0.577350 0.816497
83 2.152832 -0.761141 0.577350 0.816497
84 2.152832 -0.761141 0.577350 0.816497
85 2.152832 -0.761141 0.577350 0.816497
86 2.152832 -0.761141 0.577350 0.816497
87 2.152832 -0.761141 0.577350 0.816497
88 2.152832 -0.761141 0.577350 0.816497
89 2.152832 -0.761141 0.577350 0.816497
90 2.152832 -0.761141 0.577350 0.816497
91 2.152832 -0.761141 0.577350 0.816497
92 2.152832 -0.761141 0.577350 0.816497
93 2.152832 -0.761141 0.577350 0.816497
94 2.152832 -0.761141 0.577350 0.816497
95 2.152832 -0.761141 0.577350 0.816497
96 2.152832 -0.761141 0.577350 0.816497
97 2.152832 -0.761141 0.577350 0.816497
98 2.152832 -0.761141 0.577350 0.816497
99 2.152832 -0.761141 0.577350 0.816497
100 2.152832 -0.761141 0.577350 0.816497
101 2.152832 -0.761141 0.577350 0.816497
102 2.152832 -0.761141 0.577350 0.816497
103 2.152832 -0.761141 0.577350 0.816497
104 2.152832 -0.761141 0.577350 0.816497
105 2.152832 -0.761141 0.577350 0.816497
106 2.152832 -0.761141 0.577350 0.816497
107 2.152832 -0.761141 0.577350 0.816497
108 2.152832 -0.761141 0.577350 0.816497
109 2.152832 -0.761141 0.577350 0.816497
110 2.152832 -0.761141 0.577350 0.816497
111 2.152832 -0.761141 0.577350 0.816497
112 2.152832 -0.761141 0.577350 0.816497
113 2.152832 -0.761141 0.577350 0.816497
114 2.152832 -0.761141 0.577350 0.816497
115 2.152832 -0.761141 0.577350 0.816497
116 2.152832 -0.761141 0.577350 0.816497
117 2.152832 -0.761141 0.577350 0.816497
118 2.152832 -0.761141 0.577350 0.816497
119 2.152832 -0.761141 0.577350 0.816497
120 2.152832 -0.761141 0.577350 0.816497
121 2.152832 -0.761141 0.577350 0.816497
122 2.152832 -0.761141 0.577350 0.816497
123 2.152832 -0.761141 0.577350 0.816497
124 2.152832 -0.761141 0.577350 0.816497
125 2.152832 -0.761141 0.577350 0.816497
126 2.152832 -0.761141 0.577350 0.816497
127 2.152832 -0.761141 0.577350 0.816497
128 2.152832 -0.761141 0.577350 0.816497
129 2.152832 -0.761141 0.577350 0.816497
130 2.152832 -0.761141 0.577350 0.816497
131 2.152832 -0.761141 0.577350 0.816497
132 2.152832 -0.761141 0.577350 0.816497
133 2.152832 -0.761141 0.577350 0.816497
134 2.152832 -0.761141 0.577350 0.816497
135 2.152832 -0.761141 0.577350 0.816497
136 2.152832 -0.761141 0.577350 0.816497
137 2.152832 -0.761141 0.577350 0.816497
138 2.152832 -0.761141 0.577350 0.816497
139 2.152832 -0.761141 0.577350 0.816497
140 2.152832 -0.761141 0.577350 0.816497
141 2.152832 -0.761141 0.577350 0.816497
142 2.152832 -0.761141 0.577350 0.816497
143 2.152832 -0.761141 0.577350 0.816497
144 2.152832 -0.761141 0.577350 0.816497
145 2.152832 -0.761141 0.577350 0.816497
146 2.152832 -0.761141 0.577350 0.816497
147 2.152832 -0.761141 0.577350 0.816497
148 2.152832 -0.761141 0.577350 0.816497
149 2.152832 -0.761141 0.577350 0.816497
150 2.152832 -0.761141 0.577350 0.816497
151 2.152832 -0.761141 0.577350 0.816497
152 2.152832 -0.761141 0.577350 0.816497
153 2.152832 -0.761141 0.577350 0.816497
154 2.152832 -0.761141 0.577350 0.816497
155 2.152832 -0.761141 0.577350 0.816497
156 2.152832 -0.761141 0.577350 0.816497
157 2.152832 -0.761141 0.577350 0.816497
158 2.152832 -0.761141 0.577350 0.816497
159 2.152832 -0.761141 0.577350 0.816497
160 2.152832 -0.761141 0.577350 0.816497
161 2.152832 -0.761141 0.577350 0.816497
162 2.152832 -0.761141 0.577350 0.816497
163 2.152832 -0.761141 0.577350 0.816497
164 2.152832 -0.761141 0.577350 0.816497
165 2.152832 -0.761141 0.577350 0.816497
166 2.152832 -0.761141 0.577350 0.816497
167 2.152832 -0.761141 0.577350 0.816497
168 2.152832 -0.761141 0.577350 0.816497
169 2.152832 -0.761141 0.577350 0.816497
170 2.152832 -0.761141 0.577350 0.816497
171 2.152832 -0.761141 0.577350 0.816497
172 2.152832 -0.761141 0.577350 0.816497
173 2.152832 -0.761141 0.577350 0.816497
174 2.152832 -0.761141 0.577350 0.816497
175 2.152832 -0.761141 0.577350 0.816497
176 2.152832 -0.761141 0.577350 0.816497
177 2.152832 -0.761141 0.577350 0.816497
178 2.152832 -0.761141 0.577350 0.816497
179 2.152832 -0.761141 0.577350 0.816497
180 2.152832 -0.761141 0.577350 0.816497
181 2.152832 -0.761141 0.577350 0.816497
182 2.152832 -0.761141 0.577350 0.816497
183 2.152832 -0.761141 0.577350 0.816497
184 2.152832 -0.761141 0.577350 0.816497
185 2.152832 -0.761141 0.577350 0.816497
186 2.152832 -0.761141 0.577350 0.816497
187 2.152832 -0.761141 0.577350 0.816497
188 2.152832 -0.761141 0.577350 0.816497
189 2.152832 -0.761141 0.577350 0.816497
190 2.152832 -0.761141 0.577350 0.816497
191 2.152832 -0.761141 0.577350 0.816497
192 2.152832 -0.761141 0.577350 0.816497
193 2.152832 -0.761141 0.577350 0.816497
194 2.152832 -0.761141 0.577350 0.816497
195 2.152832 -0.761141 0.577350 0.816497
196 2.152832 -0.761141 0.577350 0.816497
197 2.152832 -0.761141 0.577350 0.816497
198 2.152832 -0.761141 0.577350 0.816497
199 2.152832 -0.761141 0.577350 0.816497
200 2.152832 -0.761141 0.577350 0.816497
201 2.152832 -0.761141 0.577350 0.816497
202 2.152832 -0.761141 0.577350 0.816497
203 2.152832 -0.761141 0.577350 0.816497
204 2.152832 -0.761141 0.577350 0.816497
205 2.152832 -0.761141 0.577350 0.816497
206 2.152832 -0.761141 0.577350 0.816497
207 2.152832 -0.761141 0.577350 0.816497
208 2.152832 -0.761141 0.577350 0.816497
209 2.152832 -0.761141 0.577350 0.816497
210 2.152832 -0.761141 0.577350 0.816497
211 2.152832 -0.761141 0.577350 0.816497
212 2.152832 -0.761141 0.577350 0.816497
213 2.152832 -0.761141 0.577350 0.816497
214 2.152832 -0.761141 0.577350 0.816497
215 2.152832 -0.761141 0.577350 0.816497
216 2.152832 -0.761141 0.577350 0.816497
217 2.152832 -0.761141 0.577350 0.816497
218 2.152832 -0.761141 0.577350 0.816497
219 2.152832 -0.761141 0.577350 0.816497
220 2.152832 -0.761141 0.577350 0.816497
221 2.152832 -0.761141 0.577350 0.816497
222 2.152832 -0.761141 0.577350 0.816497
223 2.152832 -0.761141 0.577350 0.816497
224 2.152832 -0.761141 0.577350 0.816497
225 2.152832 -0.761141 0.577350 0.816497
226 2.152832 -0.761141 0.577350 0.816497
227 2.152832 -0.761141 0.577350 0.816497
228 2.152832 -0.761141 0.577350 0.816497
229 2.152832 -0.761141 0.577350 0.816497
230 2.152832 -0.761141 0.577350 0.816497
231 2.152832 -0.761141 0.577350 0.816497
232 2.152832 -0.761141 0.577350 0.816497
233 2.152832 -0.761141 0.577350 0.816497
234 2.152832 -0.761141 0.577350 0.816497
235 2.152832 -0.761141 0.577350 0.816497
236 2.152832 -0.761141 0.577350 0.816497
237 2.152832 -0.761141 0.577350 0.816497
238 2.152832 -0.761141 0.577350 0.816497
239 2.152832 -0.761141 0.577350 0.816497
240 2.152832 -0.761141 0.577350 0.816497
241 2.152832 -0.761141 0.577350 0.816497
242 2.152832 -0.761141 0.577350 0.816497
243 2.152832 -0.761141 0.577350 0.816497
244 2.152832 -0.761141 0.577350 0.816497
245 2.152832 -0.761141 0.577350 0.816497
246 2.152832 -0.761141 0.577350 0.816497
247 2.152832 -0.761141 0.577350 0.816497
248 2.152832 -0.761141 0.577350 0.816497
249 2.152832 -0.761141 0.577350 0.816497
250 2.152832 -0.761141 0.577350 0.816497
251 2.152832 -0.761141 0.577350 0.816497
252 2.152832 -0.761141 0.577350 0.816497
253 2.152832 -0.761141 0.577350 0.816497
254 2.152832 -0.761141 0.577350 0.816497
255 2.152832 -0.761141 0.577350 0.816497
256 2.152832 -0.761141 0.577350 0.816497
257 2.152832 -0.761141 0.577350 0.816497
258 2.152832 -0.761141 0.577350 0.816497
259 2.152832 -0.761141 0.577350 0.816497
260 2.152832 -0.761141 0.577350 0.816497
261 2.152832 -0.761141 0.577350 0.816497
262 2.152832 -0.761141 0.577350 0.816497
263 2.152832 -0.761141 0.577350 0.816497
264 2.152832 -0.761141 0.577350 0.816497
265 2.152832 -0.761141 0.577350 0.816497
266 2.152832 -0.761141 0.577350 0.816497
267 2.152832 -0.761141 0.577350 0.816497
268 2.152832 -0.761141 0.577350 0.816497
269 2.152832 -0.761141 0.577350 0.816497
270 2.152832 -0.761141 0.577350 0.816497
271 2.152832 -0.761141 0.577350 0.816497
272 2.152832 -0.761141 0.577350 0.816497
273 2.152832 -0.761141 0.577350 0.816497
274 2.152832 -0.761141 0.577350 0.816497
275 2.152832 -0.761141 0.577350 0.816497
276 2.152832 -0.761141 0.577350 0.816497
277 2.152832 -0.761141 0.577350 0.816497
278 2.152832 -0.761141 0.577350 0.816497
279 2.152832 -0.761141 0.577350 0.816497
280 2.152832 -0.761141 0.577350 0.816497
281 2.152832 -0.761141 0.577350 0.816497
282 2.152832 -0.761141 0.577350 0.816497
283 2.152832 -0.761141 0.577350 0.816497
284 2.152832 -0.761141 0.577350 0.816497
285 2.152832 -0.761141 0.577350 0.816497
286 2.152832 -0.761141 0.577350 0.816497
287 2.152832 -0.761141 0.577350 0.816497
288 2.152832 -0.761141 0.577350 0.816497
289 2.152832 -0.761141 0.577350 0.816497
290 2.152832 -0.761141 0.577350 0.816497
291 2.152832 -0.761141 0.577350 0.816497
292 2.152832 -0.761141 0.577350 0.816497
293 2.152832 -0.761141 0.577350 0.816497
294 2.152832 -0.761141 0.577350 0.816497
295 2.152832 -0.761141 0.577350 0.816497
296 2.152832 -0.761141 0.577350 0.816497
297 2.152832 -0.761141 0.577350 0.816497
298 2.152832 -0.761141 0.577350 0.816497
299 2.152832 -0.761141 0.577350 0.816497
300 2.152832 -0.761141 0.577350 0.816497
301 2.152832 -0.761141 0.577350 0.816497
302 2.152832 -0.761141 0.577350 0.816497
303 2.152832 -0.761141 0.577350 0.816497
304 2.152832 -0.761141 0.577350 0.816497
305 2.152832 -0.761141 0.577350 0.816497
306 2.152832 -0.761141 0.577350 0.816497
307 2.152832 -0.761141 0.577350 0.816497
308 2.152832 -0.761141 0.577350 0.816497
309 2.152832 -0.761141 0.577350 0.816497
310 2.152832 -0.761141 0.577350 0.816497
311 2.152832 -0.761141 0.577350 0.816497
312 2.152832 -0.761141 0.577350 0.816497
313 2.152832 -0.761141 0.577350 0.816497
314 2.152832 -0.761141 0.577350 0.816497
315 2.152832 -0.761141 0.577350 0.816497
316 2.152832 -0.761141 0.577350 0.816497
317 2.152832 -0.761141 0.577350 0.816497
318 2.152832 -0.761141 0.577350 0.816497
319 2.152832 -0.761141 0.577350 0.816497
320 2.152832 -0.761141 0.577350 0.816497
321 2.152832 -0.761141 0.577350 0.816497
322 2.152832 -0.761141 0.577350 0.816497
323 2.152832 -0.761141 0.577350 0.816497
324 2.152832 -0.761141 0.577350 0.816497
325 2.152832 -0.761141 0.577350 0.816497
326 2.152832 -0.761141 0.577350 0.816497
327 2.152832 -0.761141 0.577350 0.816497
328 2.152832 -0.761141 0.577350 0.816497
329 2.152832 -0.761141 0.577350 0.816497
330 2.152832 -0.761141 0.577350 0.816497
331 2.152832 -0.761141 0.577350 0.816497
332 2.152832 -0.761141 0.577350 0.816497
333 2.152832 -0.761141 0.577350 0.816497
334 2.152832 -0.761141 0.577350 0.816497
335 2.152832 -0.761141 0.577350 0.816497
336 2.152832 -0.761141 0.577350 0.816497
337 2.152832 -0.761141 0.577350 0.816497
338 2.152832 -0.761141 0.577350 0.816497
339 2.152832 -0.761141 0.577350 0.816497
340 2.152832 -0.761141 0.577350 0.816497
341 2.152832 -0.761141 0.577350 0.816497
342 2.152832 -0.761141 0.577350 0.816497
343 2.152832 -0.761141 0.577350 0.816497
344 2.152832 -0.761141 0.577350 0.816497
345 2.152832 -0.761141 0.577350 0.816497
346 2.152832 -0.761141 0.577350 0.816497
347 2.152832 -0.761141 0.577350 0.816497
348 2.152832 -0.761141 0.577350 0.816497
349 2.152832 -0.761141 0.577350 0.816497
350 2.152832 -0.761141 0.577350 0.816497
351 2.152832 -0.761141 0.577350 0.816497
352 2.152832 -0.761141 0.577350 0.816497
353 2.152832 -0.761141 0.577350 0.816497
354 2.152832 -0.761141 0.577350 0.816497
355 2.152832 -0.761141 0.577350 0.816497
356 2.152832 -0.761141 0.577350 0.816497
357 2.152832 -0.761141 0.577350 0.816497
358 2.152832 -0.761141 0.577350 0.816497
359 2.152832 -0.761141 0.577350 0.816497
360 2.152832 -0.761141 0.577350 0.816497
361 2.152832 -0.761141 0.577350 0.816497
362 2.152832 -0.761141 0.577350 0.816497
363 2.152832 -0.761141 0.577350 0.816497
364 2.152832 -0.761141 0.577350 0.816497
365 2.152832 -0.761141 0.577350 0.816497
366 2.152832 -0.761141 0.577350 0.816497
367 2.152832 -0.761141 0.577350 0.816497
368 2.152832 -0.761141 0.577350 0.816497
369 2.152832 -0.761141 0.577350 0.816497
370 2.152832 -0.761141 0.577350 0.816497
371 2.152832 -0.761141 0.577350 0.816497
372 2.152832 -0.761141 0.577350 0.816497
373 2.152832 -0.761141 0.577350 0.816497
374 2.152832 -0.761141 0.577350 0.816497
375 2.152832 -0.761141 0.577350 0.816497
376 2.152832 -0.761141 0.577350 0.816497
377 2.152832 -0.761141 0.577350 0.816497
378 2.152832 -0.761141 0.577350 0.816497
379 2.152832 -0.761141 0.577350 0.816497
380 2.152832 -0.761141 0.577350 0.816497
381 2.152832 -0.761141 0.577350 0.816497
382 2.152832 -0.761141 0.577350 0.816497
383 2.152832 -0.761141 0.577350 0.816497
384 2.152832 -0.761141 0.577350 0.816497
385 2.152832 -0.761141 0.577350 0.816497
386 2.152832 -0.761141 0.577350 0.816497
387 2.152832 -0.761141 0.577350 0.816497
388 2.152832 -0.761141 0.577350 0.816497
389 2.152832 -0.761141 0.577350 0.816497
390 2.152832 -0.761141 0.577350 0.816497
391 2.152832 -0.761141 0.577350 0.816497
392 2.152832 -0.761141 0.577350 0.816497
393 2.152832 -0.761141 0.577350 0.816497
394 2.152832 -0.761141 0.577350 0.816497
395 2.152832 -0.761141 0.577350 0.816497
396 2.152832 -0.761141 0.577350 0.816497
397 2.152832 -0.761141 0.577350 0.816497
398 2.152832 -0.761141 0.577350 0.816497
399 2.152832 -0.761141 0.577350 0.816497
400 2.152832 -0.761141 0.577350 0.816497
401 2.152832 -0.761141 0.577350 0.816497
402 2.152832 -0.761141 0.577350 0.816497
403 2.152832 -0.761141 0.577350 0.816497
404 2.152832 -0.761141 0.577350 0.816497
405 2.152832 -0.761141 0.577350 0.816497
406 2.152832 -0.761141 0.577350 0.816497
407 2.152832 -0.761141 0.577350 0.816497
408 2.152832 -0.761141 0.577350 0.816497
409 2.152832 -0.761141 0.577350 0.816497
410 2.152832 -0.761141 0.577350 0.816497
411 2.152832 -0.761141 0.577350 0.816497
412 2.152832 -0.761141 0.577350 0.816497
413 2.152832 -0.761141 0.577350 0.816497
414 2.152832 -0.761141 0.577350 0.816497
415 2.152832 -0.761141 0.577350 0.816497
416 2.152832 -0.761141 0.577350 0.816497
417 2.152832 -0.761141 0.577350 0.816497
418 2.152832 -0.761141 0.577350 0.816497
419 2.152832 -0.761141 0.577350 0.816497
420 2.152832 -0.761141 0.577350 0.816497
421 2.152832 -0.761141 0.577350 0.816497
422 2.152832 -0.761141 0.577350 0.816497
423 2.152832 -0.761141 0.577350 0.816497
424 2.152832 -0.761141 0.577350 0.816497
425 2.152832 -0.761141 0.577350 0.816497
426 2.152832 -0.761141 0.577350 0.816497
427 2.152832 -0.761141 0.577350 0.816497
428 2.152832 -0.761141 0.577350 0.816497
429 2.152832 -0.761141 0.577350 0.816497
430 2.152832 -0.761141 0.577350 0.816497
431 2.152832 -0.761141 0.577350 0.816497
432 2.152832 -0.761141 0.577350 0.816497
433 2.152832 -0.761141 0.577350 0.816497
434 2.152832 -0.761141 0.577350 0.816497
435 2.152832 -0.761141 0.577350 0.816497
436 2.152832 -0.761141 0.577350 0.816497
437 2.152832 -0.761141 0.577350 0.816497
438 2.152832 -0.761141 0.577350 0.816497
439 2.152832 -0.761141 0.577350 0.816497
440 2.152832 -0.761141 0.577350 0.816497
441 2.152832 -0.761141 0.577350 0.816497
442 2.152832 -0.761141 0.577350 0.816497
443 2.152832 -0.761141 0.577350 0.816497
444 2.152832 -0.761141 0.577350 0.816497
445 2.152832 -0.761141 0.577350 0.816497
446 2.152832 -0.761141 0.577350 0.816497
447 2.152832 -0.761141 0.577350 0.816497
448 2.152832 -0.761141 0.577350 0.816497
449 2.152832 -0.761141 0.577350 0.816497
450 2.152832 -0.761141 0.577350 0.816497
451 2.152832 -0.761141 0.577350 0.816497
452 2.152832 -0.761141 0.577350 0.816497
453 2.152832 -0.761141 0.577350 0.816497
454 2.152832 -0.761141 0.577350 0.816497
455 2.152832 -0.761141 0.577350 0.816497
456 2.152832 -0.761141 0.577350 0.816497
457 2.152832 -0.761141 0.577350 0.816497
458 2.152832 -0.761141 0.577350 0.816497
459 2.152832 -0.761141 0.577350 0.816497
460 2.152832 -0.761141 0.577350 0.816497
461 2.152832 -0.761141 0.577350 0.816497
462 2.152832 -0.761141 0.577350 0.816497
463 2.152832 -0.761141 0.577350 0.816497
464 2.152832 -0.761141 0.577350 0.816497
465 2.152832 -0.761141 0.577350 0.816497
466 2.152832 -0.761141 0.577350 0.816497
467 2.152832 -0.761141 0.577350 0.816497
468 2.152832 -0.761141 0.577350 0.816497
469 2.152832 -0.761141 0.577350 0.816497
470 2.152832 -0.761141 0.577350 0.816497
471 2.152832 -0.761141 0.577350 0.816497
472 2.152832 -0.761141 0.577350 0.816497
473 2.152832 -0.761141 0.577350 0.816497
474 2.152832 -0.761141 0.577350 0.816497
475 2.152832 -0.761141 0.577350 0.816497
476 2.152832 -0.761141 0.577350 0.816497
477 2.152832 -0.761141 0.577350 0.816497
478 2.152832 -0.761141 0.577350 0.816497
479 2.152832 -0.761141 0.577350 0.816497
480 2.152832 -0.761141 0.577350 0.816497
481 2.152832 -0.761141 0.577350 0.816497
482 2.152832 -0.761141 0.577350 0.816497
483 2.152832 -0.761141 0.577350 0.816497
484 2.152832 -0.761141 0.577350 0.816497
485 2.152832 -0.761141 0.577350 0.816497
486 2.152832 -0.761141 0.577350 0.816497
487 2.152832 -0.761141 0.577350 0.816497
488 2.152832 -0.761141 0.577350 0.816497
489 2.152832 -0.761141 0.577350 0.816497
490 2.152832 -0.761141 0.577350 0.816497
491 2.152832 -0.761141 0.577350 0.816497
492 2.152832 -0.761141 0.577350 0.816497
493 2.152832 -0.761141 0.577350 0.816497
494 2.152832 -0.761141 0.577350 0.816497
495 2.152832 -0.761141 0.577350 0.816497
496 2.152832 -0.761141 0.577350 0.816497
497 2.152832 -0.761141 0.577350 0.816497
498 2.152832 -0.761141 0.577350 0.816497
499 2.152832 -0.761141 0.577350 0.816497
500 2.152832 -0.761141 0.577350 0.816497
501 2.152832 -0.761141 0.577350 0.816497
502 2.152832 -0.761141 0.577350 0.816497
503 2.152832 -0.761141 0.577350 0.816497
504 2.152832 -0.761141 0.577350 0.816497
505 2.152832 -0.761141 0.577350 0.816497
506 2.152832 -0.761141 0.577350 0.816497
507 2.152832 -0.761141 0.577350 0.816497
508 2.152832 -0.761141 0.577350 0.816497
509 2.152832 -0.761141 0.577350 0.816497
510 2.152832 -0.761141 0.577350 0.816497
511 2.152832 -0.761141 0.577350 0.816497
512 2.152832 -0.761141 0.577350 0.816497
513 2.152832 -0.761141 0.577350 0.816497
514 2.152832 -0.761141 0.577350 0.816497
515 2.152832 -0.761141 0.577350 0.816497
516 2.152832 -0.761141 0.577350 0.816497
517 2.152832 -0.761141 0.577350 0.816497
518 2.152832 -0.761141 0.577350 0.816497
519 2.152832 -0.761141 0.577350 0.816497
520 2.152832 -0.761141 0.577350 0.816497
521 2.152832 -0.761141 0.577350 0.816497
522 2.152832 -0.761141 0.577350 0.816497
523 2.152832 -0.761141 0.577350 0.816497
524 2.152832 -0.761141 0.577350 0.816497
525 2.152832 -0.761141 0.577350 0.816497
526 2.152832 -0.761141 0.577350 0.816497
527 2.152832 -0.761141 0.577350 0.816497
528 2.152832 -0.761141 0.577350 0.816497
529 2.152832 -0.761141 0.577350 0.816497
530 2.152832 -0.761141 0.577350 0.816497
531 2.152832 -0.761141 0.577350 0.816497
532 2.152832 -0.761141 0.577350 0.816497
533 2.152832 -0.761141 0.577350 0.816497
534 2.152832 -0.761141 0.577350 0.816497
535 2.152832 -0.761141 0.577350 0.816497
536 2.152832 -0.761141 0.577350 0.816497
537 2.152832 -0.761141 0.577350 0.816497
538 2.152832 -0.761141 0.577350 0.816497
539 2.152832 -0.761141 0.577350 0.816497
540 2.152832 -0.761141 0.577350 0.816497
541 2.152832 -0.761141 0.577350 0.816497
542 2.152832 -0.761141 0.577350 0.816497
543 2.152832 -0.761141 0.577350 0.816497
544 2.152832 -0.761141 0.577350 0.816497
545 2.152832 -0.761141 0.577350 0.816497
546 2.152832 -0.761141 0.577350 0.816497
547 2.152832 -0.761141 0.577350 0.816497
548 2.152832 -0.761141 0.577350 0.816497
549 2.152832 -0.761141 0.577350 0.816497
550 2.152832 -0.761141 0.577350 0.816497
551 2.152832 -0.761141 0.577350 0.816497
552 2.152832 -0.761141 0.577350 0.816497
553 2.152832 -0.761141 0.577350 0.816497
554 2.152832 -0.761141 0.577350 0.816497
555 2.152832 -0.761141 0.577350 0.816497
556 2.152832 -0.761141 0.577350 0.816497
557 2.152832 -0.761141 0.577350 0.816497
558 2.152832 -0.761141 0.577350 0.816497
559 2.152832 -0.761141 0.577350 0.816497
560 2.152832 -0.761141 0.577350 0.816497
561 2.152832 -0.761141 0.577350 0.816497
562 2.152832 -0.761141 0.577350 0.816497
563 2.152832 -0.761141 0.577350 0.816497
564 2.152832 -0.761141 0.577350 0.816497
565 2.152832 -0.761141 0.577350 0.816497
566 2.152832 -0.761141 0.577350 0.816497
567 2.152832 -0.761141 0.577350 0.816497
568 2.152832 -0.761141 0.577350 0.816497
569 2.152832 -0.761141 0.577350 0.816497
570 2.152832 -0.761141 0.577350 0.816497
571 2.152832 -0.761141 0.577350 0.816497
572 2.152832 -0.761141 0.577350 0.816497
573 2.152832 -0.761141 0.577350 0.816497
574 2.152832 -0.761141 0.577350 0.816497
575 2.152832 -0.761141 0.577350 0.816497
576 2.152832 -0.761141 0.577350 0.816497
577 2.152832 -0.761141 0.577350 0.816497
578 2.152832 -0.761141 0.577350 0.816497
579 2.152832 -0.761141 0.577350 0.816497
580 2.152832 -0.761141 0.577350 0.816497
581 2.152832 -0.761141 0.577350 0.816497
582 2.152832 -0.761141 0.577350 0.816497
583 2.152832 -0.761141 0.577350 0.816497
584 2.152832 -0.761141 0.577350 0.816497
585 2.152832 -0.761141 0.577350 0.816497
586 2.152832 -0.761141 0.577350 0.816497
587 2.152832 -0.761141 0.577350 0.816497
588 2.152832 -0.761141 0.577350 0.816497
589 2.152832 -0.761141 0.577350 0.816497
590 2.152832 -0.761141 0.577350 0.816497
591 2.152832 -0.761141 0.577350 0.816497
592 2.152832 -0.761141 0.577350 0.816497
593 2.152832 -0.761141 0.577350 0.816497
594 2.152832 -0.761141 0.577350 0.816497
595 2.152832 -0.761141 0.577350 0.816497
596 2.152832 -0.761141 0.577350 0.816497
597 2.152832 -0.761141 0.577350 0.816497
598 2.152832 -0.761141 0.577350 0.816497
599 2.152832 -0.761141 0.577350 0.816497
600 2.152832 -0.761141 0.577350 0.816497
601 2.152832 -0.761141 0.577350 0.816497
602 2.152832 -0.761141 0.577350 0.816497
603 2.152832 -0.761141 0.577350 0.816497
604 2.152832 -0.761141 0.577350 0.816497
605 2.152832 -0.761141 0.577350 0.816497
606 2.152832 -0.761141 0.577350 0.816497
607 2.152832 -0.761141 0.577350 0.816497
608 2.152832 -0.761141 0.577350 0.816497
609 2.152832 -0.761141 0.577350 0.816497
610 2.152832 -0.761141 0.577350 0.816497
611 2.152832 -0.761141 0.577350 0.816497
612 2.152832 -0.761141 0.577350 0.816497
613 2.152832 -0.761141 0.577350 0.816497
614 2.152832 -0.761141 0.577350 0.816497
615 2.152832 -0.761141 0.577350 0.816497
616 2.152832 -0.761141 0.577350 0.816497
617 2.152832 -0.761141 0.577350 0.816497
618 2.152832 -0.761141 0.577350 0.816497
619 2.152832 -0.761141 0.577350 0.816497
620 2.152832 -0.761141 0.577350 0.816497
621 2.152832 -0.761141 0.577350 0.816497
622 2.152832 -0.761141 0.577350 0.816497
623 2.152832 -0.761141 0.577350 0.816497
624 2.152832 -0.761141 0.577350 0.816497
625 2.152832 -0.761141 0.577350 0.816497
626 2.152832 -0.761141 0.577350 0.816497
627 2.152832 -0.761141 0.577350 0.816497
628 2.152832 -0.761141 0.577350 0.816497
629 2.152832 -0.761141 0.577350 0.816497
630 2.152832 -0.761141 0.577350 0.816497
631 2.152832 -0.761141 0.577350 0.816497
632 2.152832 -0.761141 0.577350 0.816497
633 2.152832 -0.761141 0.577350 0.816497
634 2.152832 -0.761141 0.577350 0.816497
635 2.152832 -0.761141 0.577350 0.816497
636 2.152832 -0.761141 0.577350 0.816497
637 2.152832 -0.761141 0.577350 0.816497
638 2.152832 -0.761141 0.577350 0.816497
639 2.152832 -0.761141 0.577350 0.816497
640 2.152832 -0.761141 0.577350 0.816497
641 2.152832 -0.761141 0.577350 0.816497
642 2.152832 -0.761141 0.577350 0.816497
643 2.152832 -0.761141 0.577350 0.816497
644 2.152832 -0.761141 0.577350 0.816497
645 2.152832 -0.761141 0.577350 0.816497
646 2.152832 -0.761141 0.577350 0.816497
647 2.152832 -0.761141 0.577350 0.816497
648 2.152832 -0.761141 0.577350 0.816497
649 2.152832 -0.761141 0.577350 0.816497
650 2.152832 -0.761141 0.577350 0.816497
651 2.152832 -0.761141 0.577350 0.816497
652 2.152832 -0.761141 0.577350 0.816497
653 2.152832 -0.761141 0.577350 0.816497
654 2.152832 -0.761141 0.577350 0.816497
655 2.152832 -0.761141 0.577350 0.816497
656 2.152832 -0.761141 0.577350 0.816497
657 2.152832 -0.761141 0.577350 0.816497
658 2.152832 -0.761141 0.577350 0.816497
659 2.152832 -0.761141 0.577350 0.816497
660 2.152832 -0.761141 0.577350 0.816497
661 2.152832 -0.761141 0.577350 0.816497
662 2.152832 -0.761141 0.577350 0.816497
663 2.152832 -0.761141 0.577350 0.816497
664 2.152832 -0.761141 0.577350 0.816497
665 2.152832 -0.761141 0.577350 0.816497
666 2.152832 -0.761141 0.577350 0.816497
667 2.152832 -0.761141 0.577350 0.816497
668 2.152832 -0.761141 0.577350 0.816497
669 2.152832 -0.761141 0.577350 0.816497
670 2.152832 -0.761141 0.577350 0.816497
671 2.152832 -0.761141 0.577350 0.816497
672 2.152832 -0.761141 0.577350 0.816497
673 2.152832 -0.761141 0.577350 0.816497
674 2.152832 -0.761141 0.577350 0.816497
675 2.152832 -0.761141 0.577350 0.816497
676 2.152832 -0.761141 0.577350 0.816497
677 2.152832 -0.761141 0.577350 0.816497
678 2.152832 -0.761141 0.577350 0.816497
679 2.152832 -0.761141 0.577350 0.816497
680 2.152832 -0.761141 0.577350 0.816497
681 2.152832 -0.761141 0.577350 0.816497
682 2.152832 -0.761141 0.577350 0.816497
683 2.152832 -0.761141 0.577350 0.816497
684 2.152832 -0.761141 0.577350 0.816497
685 2.152832 -0.761141 0.577350 0.816497
686 2.152832 -0.761141 0.577350 0.816497
687 2.152832 -0.761141 0.577350 0.816497
688 2.152832 -0.761141 0.577350 0.816497
689 2.152832 -0.761141 0.577350 0.816497
690 2.152832 -0.761141 0.577350 0.816497
691 2.152832 -0.761141 0.577350 0.816497
692 2.152832 -0.761141 0.577350 0.816497
693 2.152832 -0.761141 0.577350 0.816497
694 2.152832 -0.761141 0.577350 0.816497
695 2.152832 -0.761141 0.577350 0.816497
696 2.152832 -0.761141 0.577350 0.816497
697 2.152832 -0.761141 0.577350 0.816497
698 2.152832 -0.761141 0.577350 0.816497
699 2.152832 -0.761141 0.577350 0.816497
700 2.152832 -0.761141 0.577350 0.816497
701 2.152832 -0.761141 0.577350 0.816497
702 2.152832 -0.761141 0.577350 0.816497
703 2.152832 -0.761141 0.577350 0.816497
704 2.152832 -0.761141 0.577350 0.816497
705 2.152832 -0.761141 0.577350 0.816497
706 2.152832 -0.761141 0.577350 0.816497
707 2.152832 -0.761141 0.577350 0.816497
708 2.152832 -0.761141 0.577350 0.816497
709 2.152832 -0.761141 0.577350 0.816497
710 2.152832 -0.761141 0.577350 0.816497
711 2.152832 -0.761141 0.577350 0.816497
712 2.152832 -0.761141 0.577350 0.816497
713 2.152832 -0.761141 0.577350 0.816497
714 2.152832 -0.761141 0.577350 0.816497
715 2.152832 -0.761141 0.577350 0.816497
716 2.152832 -0.761141 0.577350 0.816497
717 2.152832 -0.761141 0.577350 0.816497
718 2.152832 -0.761141 0.577350 0.816497
719 2.152832 -0.761141 0.577350 0.816497
720 2.152832 -0.761141 0.577350 0.816497
721 2.152832 -0.761141 0.577350 0.816497
722 2.152832 -0.761141 0.577350 0.816497
723 2.152832 -0.761141 0.577350 0.816497
724 2.152832 -0.761141 0.577350 0.816497
725 2.152832 -0.761141 0.577350 0.816497
726 2.152832 -0.761141 0.577350 0.816497
727 2.152832 -0.761141 0.577350 0.816497
728 2.152832 -0.761141 0.577350 0.816497
729 2.152832 -0.761141 0.577350 0.816497
730 2.152832 -0.761141 0.577350 0.816497
731 2.152832 -0.761141 0.577350 0.816497
732 2.152832 -0.761141 0.577350 0.816497
733 2.152832 -0.761141 0.577350 0.816497
734 2.152832 -0.761141 0.577350 0.816497
735 2.152832 -0.761141 0.577350 0.816497
736 2.152832 -0.761141 0.577350 0.816497
737 2.152832 -0.761141 0.577350 0.816497
738 2.152832 -0.761141 0.577350 0.816497
739 2.152832 -0.761141 0.577350 0.816497
740 2.152832 -0.761141 0.577350 0.816497
741 2.152832 -0.761141 0.577350 0.816497
742 2.152832 -0.761141 0.577350 0.816497
743 2.152832 -0.761141 0.577350 0.816497
744 2.152832 -0.761141 0.577350 0.816497
745 2.152832 -0.761141 0.577350 0.816497
746 2.152832 -0.761141 0.577350 0.816497
747 2.152832 -0.761141 0.577350 0.816497
748 2.152832 -0.761141 0.577350 0.816497
749 2.152832 -0.761141 0.577350 0.816497
750 2.152832 -0.761141 0.577350 0.816497
751 2.152832 -0.761141 0.577350 0.816497
752 2.152832 -0.761141 0.577350 0.816497
753 2.152832 -0.761141 0.577350 0.816497
754 2.152832 -0.761141 0.577350 0.816497
755 2.152832 -0.761141 0.577350 0.816497
756 2.152832 -0.761141 0.577350 0.816497
757 2.152832 -0.761141 0.577350 0.816497
758 2.152832 -0.761141 0.577350 0.816497
759 2.152832 -0.761141 0.577350 0.816497
760 2.152832 -0.761141 0.577350 0.816497
761 2.152832 -0.761141 0.577350 0.816497
762 2.152832 -0.761141 0.577350 0.816497
763 2.152832 -0.761141 0.577350 0.816497
764 2.152832 -0.761141 0.577350 0.816497
765 2.152832 -0.761141 0.577350 0.816497
766 2.152832 -0.761141 0.577350 0.816497
767 2.152832 -0.761141 0.577350 0.816497
768 2.152832 -0.761141 0.577350 0.816497
769 2.152832 -0.761141 0.577350 0.816497
770 2.152832 -0.761141 0.577350 0.816497
771 2.152832 -0.761141 0.577350 0.816497
772 2.152832 -0.761141 0.577350 0.816497
773 2.152832 -0.761141 0.577350 0.816497
774 2.152832 -0.761141 0.577350 0.816497
775 2.152832 -0.761141 0.577350 0.816497
776 2.152832 -0.761141 0.577350 0.816497
777 2.152832 -0.761141 0.577350 0.816497
778 2.152832 -0.761141 0.577350 0.816497
779 2.152832 -0.761141 0.577350 0.816497
780 2.152832 -0.761141 0.577350 0.816497
781 2.152832 -0.761141 0.577350 0.816497
782 2.152832 -0.761141 0.577350 0.816497
783 2.152832 -0.761141 0.577350 0.816497
784 2.152832 -0.761141 0.577350 0.816497
785 2.152832 -0.761141 0.577350 0.816497
786 2.152832 -0.761141 0.577350 0.816497
787 2.152832 -0.761141 0.577350 0.816497
788 2.152832 -0.761141 0.577350 0.816497
789 2.152832 -0.761141 0.577350 0.816497
790 2.152832 -0.761141 0.577350 0.816497
791 2.152832 -0.761141 0.577350 0.816497
792 2.152832 -0.761141 0.577350 0.816497
793 2.152832 -0.761141 0.577350 0.816497
794 2.152832 -0.761141 0.577350 0.816497
795 2.152832 -0.761141 0.577350 0.816497
796 2.152832 -0.761141 0.577350 0.816497
797 2.152832 -0.761141 0.577350 0.816497
798 2.152832 -0.761141 0.577350 0.816497
799 2.152832 -0.761141 0.577350 0.816497
800 2.152832 -0.761141 0.577350 0.816497
801 2.152832 -0.761141 0.577350 0.816497
802 2.152832 -0.761141 0.577350 0.816497
803 2.152832 -0.761141 0.577350 0.816497
804 2.152832 -0.761141 0.577350 0.816497
805 2.152832 -0.761141 0.577350 0.816497
806 2.152832 -0.761141 0.577350 0.816497
807 2.152832 -0.761141 0.577350 0.816497
808 2.152832 -0.761141 0.577350 0.816497
809 2.152832 -0.761141 0.577350 0.816497
810 2.152832 -0.761141 0.577350 0.816497
811 2.152832 -0.761141 0.577350 0.816497
812 2.152832 -0.761141 0.577350 0.816497
813 2.152832 -0.761141 0.577350 0.816497
814 2.152832 -0.761141 0.577350 0.816497
815 2.152832 -0.761141 0.577350 0.816497
816 2.152832 -0.761141 0.577350 0.816497
817 2.152832 -0.761141 0.577350 0.816497
818 2.152832 -0.761141 0.577350 0.816497
819 2.152832 -0.761141 0.577350 0.816497
820 2.152832 -0.761141 0.577350 0.816497
821 2.152832 -0.761141 0.577350 0.816497
822 2.152832 -0.761141 0.577350 0.816497
823 2.152832 -0.761141 0.577350 0.816497
824 2.152832 -0.761141 0.577350 0.816497
825 2.152832 -0.761141 0.577350 0.816497
826 2.152832 -0.761141 0.577350 0.816497
827 2.152832 -0.761141 0.577350 0.816497
828 2.152832 -0.761141 0.577350 0.816497
829 2.152832 -0.761141 0.577350 0.816497
830 2.152832 -0.761141 0.577350 0.816497
831 2.152832 -0.761141 0.577350 0.816497
832 2.152832 -0.761141 0.577350 0.816497
833 2.152832 -0.761141 0.577350 0.816497
834 2.152832 -0.761141 0.577350 0.816497
835 2.152832 -0.761141 0.577350 0.816497
836 2.152832 -0.761141 0.577350 0.816497
837 2.152832 -0.761141 0.577350 0.816497
838 2.152832 -0.761141 0.577350 0.816497
839 2.152832 -0.761141 0.577350 0.816497
840 2.152832 -0.761141 0.577350 0.816497
841 2.152832 -0.761141 0.577350 0.816497
842 2.152832 -0.761141 0.577350 0.816497
843 2.152832 -0.761141 0.577350 0.816497
844 2.152832 -0.761141 0.577350 0.816497
845 2.152832 -0.761141 0.577350 0.816497
846 2.152832 -0.761141 0.577350 0.816497
847 2.152832 -0.761141 0.577350 0.816497
848 2.152832 -0.761141 0.577350 0.816497
849 2.152832 -0.761141 0.577350 0.816497
850 2.152832 -0.761141 0.577350 0.816497
851 2.152832 -0.761141 0.577350 0.816497
852 2.152832 -0.761141 0.577350 0.816497
853 2.152832 -0.761141 0.577350 0.816497
854 2.152832 -0.761141 0.577350 0.816497
855 2.152832 -0.761141 0.577350 0.816497
856 2.152832 -0.761141 0.577350 0.816497
857 2.152832 -0.761141 0.577350 0.816497
858 2.152832 -0.761141 0.577350 0.816497
859 2.152832 -0.761141 0.577350 0.816497
860 2.152832 -0.761141 0.577350 0.816497
861 2.152832 -0.761141 0.577350 0.816497
862 2.152832 -0.761141 0.577350 0.816497
863 2.152832 -0.761141 0.577350 0.816497
864 2.152832 -0.761141 0.577350 0.816497
865 2.152832 -0.761141 0.577350 0.816497
866 2.152832 -0.761141 0.577350 0.816497
867 2.152832 -0.761141 0.577350 0.816497
868 2.152832 -0.761141 0.577350 0.816497
869 2.152832 -0.761141 0.577350 0.816497
870 2.152832 -0.761141 0.577350 0.816497
871 2.152832 -0.761141 0.577350 0.816497
872 2.152832 -0.761141 0.577350 0.816497
873 2.152832 -0.761141 0.577350 0.816497
874 2.152832 -0.761141 0.577350 0.816497
875 2.152832 -0.761141 0.577350 0.816497
876 2.152832 -0.761141 0.577350 0.816497
877 2.152832 -0.761141 0.577350 0.816497
878 2.152832 -0.761141 0.577350 0.816497
879 2.152832 -0.761141 0.577350 0.816497
880 2.152832 -0.761141 0.577350 0.816497
881 2.152832 -0.761141 0.577350 0.816497
882 2.152832 -0.761141 0.577350 0.816497
883 2.152832 -0.761141 0.577350 0.816497
884 2.152832 -0.761141 0.577350 0.816497
885 2.152832 -0.761141 0.577350 0.816497
886 2.152832 -0.761141 0.577350 0.816497
887 2.152832 -0.761141 0.577350 0.816497
888 2.152832 -0.761141 0.577350 0.816497
889 2.152832 -0.761141 0.577350 0.816497
890 2.152832 -0.761141 0.577350 0.816497
891 2.152832 -0.761141 0.577350 0.816497
892 2.152832 -0.761141 0.577350 0.816497
893 2.152832 -0.761141 0.577350 0.816497
894 2.152832 -0.761141 0.577350 0.816497
895 2.152832 -0.761141 0.577350 0.816497
896 2.152832 -0.761141 0.577350 0.816497
897 2.152832 -0.761141 0.577350 0.816497
898 2.152832 -0.761141 0.577350 0.816497
899 2.152832 -0.761141 0.577350 0.816497
900 2.152832 -0.761141 0.577350 0.816497
901 2.152832 -0.761141 0.577350 0.816497
902 2.152832 -0.761141 0.577350 0.816497
903 2.152832 -0.761141 0.577350 0.816497
904 2.152832 -0.761141 0.577350 0.816497
905 2.152832 -0.761141 0.577350 0.816497
906 2.152832 -0.761141 0.577350 0.816497
907 2.152832 -0.761141 0.577350 0.816497
908 2.152832 -0.761141 0.577350 0.816497
909 2.152832 -0.761141 0.577350 0.816497
910 2.152832 -0.761141 0.577350 0.816497
911 2.152832 -0.761141 0.577350 0.816497
912 2.152832 -0.761141 0.577350 0.816497
913 2.152832 -0.761141 0.577350 0.816497
914 2.152832 -0.761141 0.577350 0.816497
915 2.152832 -0.761141 0.577350 0.816497
916 2.152832 -0.761141 0.577350 0.816497
917 2.152832 -0.761141 0.577350 0.816497
918 2.152832 -0.761141 0.577350 0.816497
919 2.152832 -0.761141 0.577350 0.816497
920 2.152832 -0.761141 0.577350 0.816497
921 2.152832 -0.761141 0.577350 0.816497
922 2.152832 -0.761141 0.577350 0.816497
923 2.152832 -0.761141 0.577350 0.816497
924 2.152832 -0.761141 0.577350 0.816497
925 2.152832 -0.761141 0.577350 0.816497
926 2.152832 -0.761141 0.577350 0.816497
927 2.152832 -0.761141 0.577350 0.816497
928 2.152832 -0.761141 0.577350 0.816497
929 2.152832 -0.761141 0.577350 0.816497
930 2.152832 -0.761141 0.577350 0.816497
931 2.152832 -0.761141 0.577350 0.816497
932 2.152832 -0.761141 0.577350 0.816497
933 2.152832 -0.761141 0.577350 0.816497
934 2.152832 -0.761141 0.577350 0.816497
935 2.152832 -0.761141 0.577350 0.816497
936 2.152832 -0.761141 0.577350 0.816497
937 2.152832 -0.761141 0.577350 0.816497
938 2.152832 -0.761141 0.577350 0.816497
939 2.152832 -0.761141 0.577350 0.816497
940 2.152832 -0.761141 0.577350 0.816497
941 2.152832 -0.761141 0.577350 0.816497
942 2.152832 -0.761141 0.577350 0.816497
943 2.152832 -0.761141 0.577350 0.816497
944 2.152832 -0.761141 0.577350 0.816497
945 2.152832 -0.761141 0.577350 0.816497
946 2.152832 -0.761141 0.577350 0.816497
947 2.152832 -0.761141 0.577350 0.816497
948 2.152832 -0.761141 0.577350 0.816497
949 2.152832 -0.761141 0.577350 0.816497
950 2.152832 -0.761141 0.577350 0.816497
951 2.152832 -0.761141 0.577350 0.816497
952 2.152832 -0.761141 0.577350 0.816497
953 2.152832 -0.761141 0.577350 0.816497
954 2.152832 -0.761141 0.577350 0.816497
955 2.152832 -0.761141 0.577350 0.816497
956 2.152832 -0.761141 0.577350 0.816497
957 2.152832 -0.761141 0.577350 0.816497
958 2.152832 -0.761141 0.577350 0.816497
959 2.152832 -0.761141 0.577350 0.816497
960 2.152832 -0.761141 0.577350 0.816497
961 2.152832 -0.761141 0.577350 0.816497
962 2.152832 -0.761141 0.577350 0.816497
963 2.152832 -0.761141 0.577350 0.816497
964 2.152832 -0.761141 0.577350 0.816497
965 2.152832 -0.761141 0.577350 0.816497
966 2.152832 -0.761141 0.577350 0.816497
967 2.152832 -0.761141 0.577350 0.816497
968 2.152832 -0.761141 0.577350 0.816497
969 2.152832 -0.761141 0.577350 0.816497
970 2.152832 -0.761141 0.577350 0.816497
971 2.152832 -0.761141 0.577350 0.816497
972 2.152832 -0.761141 0.577350 0.816497
973 2.152832 -0.761141 0.577350 0.816497
974 2.152832 -0.761141 0.577350 0.816497
975 2.152832 -0.761141 0.577350 0.816497
976 2.152832 -0.761141 0.577350 0.816497
977 2.152832 -0.761141 0.577350 0.816497
978 2.152832 -0.761141 0.577350 0.816497
979 2.152832 -0.761141 0.577350 0.816497
980 2.152832 -0.761141 0.577350 0.816497
981 2.152832 -0.761141 0.577350 0.816497
982 2.152832 -0.761141 0.577350 0.816497
983 2.152832 -0.761141 0.577350 0.816497
984 2.152832 -0.761141 0.577350 0.816497
985 2.152832 -0.761141 0.577350 0.816497
986 2.152832 -0.761141 0.577350 0.816497
987 2.152832 -0.761141 0.577350 0.816497
988 2.152832 -0.761141 0.577350 0.816497
989 2.152832 -0.761141 0.577350 0.816497
990 2.152832 -0.761141 0.577350 0.816497
991 2.152832 -0.761141 0.577350 0.816497
992 2.152832 -0.761141 0.577350 0.816497
993 2.152832 -0.761141 0.577350 0.816497
994 2.152832 -0.761141 0.577350 0.816497
995 2.152832 -0.761141 0.577350 0.816497
996 2.152832 -0.761141 0.577350 0.816497
997 2.152832 -0.761141 0.577350 0.816497
998 2.152832 -0.761141 0.577350 0.816497
999 2.152832 -0.761141 0.577350 0.816497
1000 2.152832 -0.761141 0.577350 0.816497
1001 2.152832 -0.761141 0.577350 0.816497
Num feflections = 1001
